function [ T_exp, Y_exp ] = ExpData_Chassagnole2002()

T_exp = [ ...
    0.000000e+00;
    2.000000e-01;
    4.000000e-01;
    6.000000e-01;
    8.000000e-01;
    1.000000e+00;
    2.000000e+00;
    4.000000e+00;
    6.000000e+00;
    8.000000e+00;
    1.000000e+01;
    1.200000e+01;
    1.400000e+01;
    1.600000e+01;
    1.800000e+01;
    2.000000e+01;
    2.200000e+01;
    2.400000e+01;
    2.600000e+01;
    2.800000e+01;
    3.000000e+01;
    3.200000e+01;
    3.400000e+01;
    3.600000e+01;
    3.800000e+01;
    4.000000e+01;
    ];

Y_exp = [ ...
    2.6699999999999999e+00, 2.0000000000000000e+00, 3.4800000000000000e+00, 2.6699999999999999e+00, 5.9999999999999998e-01, 6.5300000000000002e-01, 8.0800000000000005e-01, 2.7200000000000002e-01, 2.7600000000000002e-01, 2.1800000000000000e-01, 9.8000000000000004e-02, 1.3800000000000001e-01, 3.9800000000000002e-01, 1.6700000000000001e-01, 8.0000000000000002e-03, 2.1299999999999999e+00, 3.9900000000000002e-01, 1.1100000000000000e-01;
    2.2770937099930757e+00, 1.9892746584367005e+00, 4.0239816123412480e+00, 3.3416045709242375e+00, 6.8965206598582873e-01, 6.5400158590245627e-01, 8.0997301020232393e-01, 2.9946085698483765e-01, 2.8710545696408718e-01, 2.1915486041230015e-01, 9.9758331304086234e-02, 1.4612184207287315e-01, 3.9751790059460790e-01, 1.7258669624626607e-01, 5.4363499698824903e-03, 1.8935955298930109e+00, 3.4893012301781950e-01, 1.1289784213072453e-01;
    2.1233228777354647e+00, 1.9834670706557966e+00, 4.2282790642780883e+00, 3.6570703767698234e+00, 7.2430836847562641e-01, 6.5596411351069617e-01, 8.1384378424790704e-01, 3.6008807902879364e-01, 3.0198778170429075e-01, 2.3008948505732946e-01, 1.0325864929194091e-01, 1.5581901428593739e-01, 4.0040359289579769e-01, 1.8863481913355898e-01, 4.1231772761698990e-03, 1.7473151353098029e+00, 3.2321016528539265e-01, 1.1685090107858558e-01;
    2.0260403977282317e+00, 1.9791018373554543e+00, 4.3255733280562252e+00, 3.8536549337977197e+00, 7.4089310723837498e-01, 6.5826012381649013e-01, 8.1839334852129542e-01, 4.3131062575152285e-01, 3.1132515323150856e-01, 2.4480709536850487e-01, 1.0828453821562424e-01, 1.6361742532484941e-01, 4.0840012132783010e-01, 2.0784309099221032e-01, 3.3996830031028753e-03, 1.6644099789905555e+00, 3.0799809643933568e-01, 1.2099786164783144e-01;
    1.9665811137129032e+00, 1.9754017194480626e+00, 4.3789338001834430e+00, 3.9886496165500307e+00, 7.5016484076963574e-01, 6.6066513869042509e-01, 8.2318868184172100e-01, 4.9828858159874179e-01, 3.1622804598531024e-01, 2.5812684863537849e-01, 1.1306106141549314e-01, 1.6900600701163410e-01, 4.1939986662788231e-01, 2.2540397917072141e-01, 2.9575885771829322e-03, 1.6167822972034265e+00, 2.9902396289471267e-01, 1.2463746344043662e-01;
    1.9349482067838260e+00, 1.9720685976119077e+00, 4.4143868443881455e+00, 4.0860005551555698e+00, 7.5646466119930300e-01, 6.6309774451524162e-01, 8.2805768222709031e-01, 5.5341220761712384e-01, 3.1918332052431359e-01, 2.6817738280384712e-01, 1.1687595582077395e-01, 1.7240880477213791e-01, 4.3103868770634723e-01, 2.3944488952470713e-01, 2.6688049393824610e-03, 1.5930406104278825e+00, 2.9440922876769809e-01, 1.2754390436651319e-01;
    2.0007384963630326e+00, 1.9576718743126769e+00, 4.5663628443760755e+00, 4.3084387697828275e+00, 7.8361309290983139e-01, 6.7553756018362865e-01, 8.5244166055863579e-01, 6.3765226630454086e-01, 3.3832899304557923e-01, 2.7819069484803338e-01, 1.2373688265153389e-01, 1.7681854325334637e-01, 4.7084524238206510e-01, 2.6157244218867048e-01, 2.1130306812955969e-03, 1.6538400590045521e+00, 3.0503302015147832e-01, 1.3419084193789024e-01;
    2.3755722925409208e+00, 1.9329573937729005e+00, 4.9254104522219082e+00, 4.3317544266635153e+00, 8.4600059934752936e-01, 7.0474625899337562e-01, 9.0292744327990837e-01, 4.9644955477687103e-01, 3.9804998932603380e-01, 2.4447694263532257e-01, 1.1814946917115578e-01, 1.7651727231653810e-01, 4.8969238668422910e-01, 2.2892786169251644e-01, 1.9990771004604656e-03, 1.9550822964729184e+00, 3.6129162773982931e-01, 1.3586158248360714e-01;
    2.6749436830662074e+00, 1.9109598043238749e+00, 5.1967687130935678e+00, 4.2502289144038174e+00, 8.9263568073765476e-01, 7.3785668494476486e-01, 9.5336033284870303e-01, 4.5045464956968984e-01, 4.3747758306360818e-01, 2.3499405247630642e-01, 1.1770284341777827e-01, 1.7988274009791255e-01, 5.0053572277898728e-01, 2.1648212976907075e-01, 2.1134077105767726e-03, 2.1935876029544970e+00, 4.0601645779918910e-01, 1.3759801742337702e-01;
    2.9244116217754241e+00, 1.8902574486249200e+00, 5.3772685153350945e+00, 4.1877836878793371e+00, 9.2350133000446533e-01, 7.7036042084177481e-01, 9.9943340608424103e-01, 5.0308122230871999e-01, 4.4829270386473596e-01, 2.5245343102814904e-01, 1.2519358467877159e-01, 1.8770696151022029e-01, 5.2155131180532588e-01, 2.2952919303969171e-01, 2.3314575422276941e-03, 2.3953738919509138e+00, 4.4360294082219487e-01, 1.4217956550206398e-01;
    3.1524493833741318e+00, 1.8700715326665196e+00, 5.5047985220152507e+00, 4.1546439194709182e+00, 9.4523746354253357e-01, 7.9990242738203177e-01, 1.0401512641808328e+00, 6.0882538944774756e-01, 4.4468052947574505e-01, 2.8285496962670570e-01, 1.3625113881362508e-01, 1.9733824123354099e-01, 5.4741055932164040e-01, 2.5401121379722208e-01, 2.6198012568393030e-03, 2.5816578702263575e+00, 4.7815551724728006e-01, 1.4814370116530282e-01;
    3.3489726007399305e+00, 1.8501003720005633e+00, 5.5975560635496162e+00, 4.1385066438961839e+00, 9.6098934713527606e-01, 8.2544134552615156e-01, 1.0760691204977437e+00, 7.5168197940343506e-01, 4.3568199382087380e-01, 3.1930881400649935e-01, 1.4859540310648209e-01, 2.0724223045010451e-01, 5.7400879981407593e-01, 2.8362335975938041e-01, 2.9472904412589378e-03, 2.7436990823118133e+00, 5.0810310163244854e-01, 1.5442464484791613e-01;
    3.4800262153329813e+00, 1.8302713664449777e+00, 5.6543899497071957e+00, 4.1288474672948716e+00, 9.7053363776302604e-01, 8.4626091628558042e-01, 1.1078127189524196e+00, 9.2977975621308162e-01, 4.2398730563346365e-01, 3.5918492177664829e-01, 1.6130369359513472e-01, 2.1660688518984261e-01, 5.9963339484616562e-01, 3.1650073204874130e-01, 3.2733677203991437e-03, 2.8552695082018924e+00, 5.2847116101911706e-01, 1.6057910327388419e-01;
    3.4724594731976692e+00, 1.8106134914886736e+00, 5.6526492058336615e+00, 4.1193785284422173e+00, 9.6989904872301280e-01, 8.6135820963450005e-01, 1.1354987425152809e+00, 1.1500802687025016e+00, 4.0874466829371348e-01, 4.0135290887837499e-01, 1.7379137849565127e-01, 2.2446210407167227e-01, 6.2278482610434882e-01, 3.5286209224272830e-01, 3.5186536150651399e-03, 2.8605375437057172e+00, 5.2861309615955343e-01, 1.6620817596899307e-01;
    3.1671464050007314e+00, 1.7912526321288469e+00, 5.5281859528681201e+00, 4.1044516630530792e+00, 9.4784039606303183e-01, 8.6870380156139204e-01, 1.1579074506958313e+00, 1.4336088587797602e+00, 3.8558371519786139e-01, 4.4443534233432141e-01, 1.8505276617179175e-01, 2.2849554480785508e-01, 6.3977834101067343e-01, 3.9501119407906099e-01, 3.5025426226237342e-03, 2.6362059562957487e+00, 4.8513961668582861e-01, 1.7003707813316968e-01;
    2.2905089456674901e+00, 1.7726029600644910e+00, 5.1204669553527395e+00, 4.0699291068692576e+00, 8.7639749142901813e-01, 8.6368745111684120e-01, 1.1704800559256545e+00, 1.8074036225953856e+00, 3.4532938086326487e-01, 4.7813083753876201e-01, 1.9078525138022734e-01, 2.2172388529849077e-01, 6.3872355791704327e-01, 4.4629955660261594e-01, 2.8578029267762005e-03, 1.9545775828906402e+00, 3.5599466010666903e-01, 1.6790527389068446e-01;
    1.3881720450612469e+00, 1.7549835155444728e+00, 4.4441369988083981e+00, 4.0237019324322203e+00, 7.6033947135643476e-01, 8.4080914620332248e-01, 1.1641629749312170e+00, 1.9162398597316108e+00, 2.9559062046301432e-01, 4.5645589424128380e-01, 1.7819066852367238e-01, 1.9782703228529011e-01, 5.9327938625239340e-01, 4.6616390583221062e-01, 1.9713164460443506e-03, 1.2002194672327868e+00, 2.1714330478742921e-01, 1.5375814047351935e-01;
